[[[176 180 178]
  [178 183 180]
  [178 184 181]
  ...
  [244 238 234]
  [243 238 234]
  [242 237 233]]

 [[175 179 177]
  [177 182 179]
  [176 182 179]
  ...
  [239 236 233]
  [239 236 232]
  [239 236 232]]

 [[175 179 177]
  [175 179 177]
  [174 178 175]
  ...
  [238 236 233]
  [237 236 232]
  [236 236 232]]

 ...

 [[157 158 149]
  [113 115 106]
  [ 74  77  68]
  ...
  [ 83 123 157]
  [ 82 117 150]
  [109 142 175]]

 [[136 137 128]
  [110 109 101]
  [ 69  67  60]
  ...
  [108 164 192]
  [ 71 118 145]
  [ 72 118 145]]

 [[105 106  97]
  [ 77  76  68]
  [ 71  69  62]
  ...
  [138 205 232]
  [ 92 152 181]
  [ 60 119 148]]]